14
14
14
13
13
12
11
11
10
10
11
15
9
9
9
10
10
10
12
12
12
10
10
10
10
10
14
14
14
15
15
15
12
12
11
11
11
9
9
9
10
10
11
11
10
10
10
10
10
11
11
9
9
9
10
10
11
11
8
8
8
9
9
10
10
9
9
9
9
9
11
11
16
16
13
13
13
14
14
15
15
14
14
14
14
14
15
15
15
11
11
11
12
12
13
13
12
12
12
12
12
13
13
13
16
16
16
16
16
14
14
14
15
15
15
13
13
13
15
15
15
15
10
11
11
12
12
10
10
10
8
8
8
9
9
10
10
9
9
9
9
9
10
10
11
11
11
10
10
10
10
9
9
10
10
12
12
10
10
10
11
11
11
12
12
12
11
11
11
9
9
9
10
10
11
11
8
8
9
9
10
10
9
9
11
11
12
12
12
11
11
11
12
12
10
9
9
10
10
12
12
12
8
8
8
9
9
9
13
13
7
7
8
7
7
7
6
6
7
17
17
5
5
5
6
6
6
6
6
6
6
6
4
4
4
5
5
8
8
3
3
3
4
4
5
5
2
2
2
3
3
4
4
1
1
1
2
2
3
3
